6.257443262486642732e-01
2.601360721697574263e-01
6.831562364031742440e-01
7.752859004001513288e-01
1.328499181352843506e-01
6.401717214203513917e-01
2.314896214245228956e-01
3.564575207712729066e-01
7.547728550065962994e-01
1.562497635790135453e-01
2.520395468396297023e-02
5.509875581321200810e-01
6.616873871677944052e-01
8.812796439015727623e-01
8.096493147220829023e-03
1.017405772548124476e-01
1.613591815377654060e-01
9.036296064621237578e-01
5.941172194606446633e-01
9.664870976897560473e-01
9.749619967523366348e-01
4.600916833919128646e-01
1.177487413693164564e-01
5.801041152168567860e-01
8.908891053709981911e-01
8.064329734837335506e-01
9.314005623209921092e-01
8.027347721331317132e-01
9.665284393631508042e-01
9.869351360666822615e-01
1.902006814406806967e-01
6.643737590569704921e-01
9.436435007882911785e-01
6.366604338244629124e-01
3.661599191548178256e-01
5.911548977494289758e-01
5.811788257151319081e-01
6.336406808250738543e-02
1.577747280841501620e-02
7.094223651189910385e-01
1.973104544413146755e-01
5.915891621816279367e-01
7.769591070982655445e-01
7.022837467192671879e-01
9.952915754759379396e-01
8.031333945002749886e-01
6.401131039423776370e-01
9.453080169285767997e-01
6.935217321070197283e-01
5.632140969683192555e-01
9.870892385563266869e-01
9.185912744812454456e-01
4.522920486552279851e-01
6.285241863320190081e-02
7.812286314444862878e-01
2.334458465050897047e-01
4.043997907193526142e-01
4.287715577445693205e-01
2.017727018788217919e-01
7.052864122666535618e-02
1.056866923276180703e-01
7.186376771204646685e-01
8.616110195552190154e-01
1.246619535311206395e-01
4.286444988217208429e-02
8.270414466832693989e-01
2.247500241846538405e-01
9.111139878960295979e-01
5.999946652556996662e-01
8.322238124726782926e-01
1.703402092020993575e-01
7.470655923613195304e-01
6.876393037883475889e-01
4.046863302796148698e-01
5.964723303466722415e-01
2.449380513932511994e-01
5.057205975210252724e-01
3.481667939444317295e-01
2.934359453994276334e-01
8.315946048083487918e-01
9.495465652234198473e-01
8.667845123649529082e-01
4.457623362506085707e-01
5.904276901162841540e-02
6.828750497358256899e-01
6.055501507772690362e-01
2.432540739641609884e-01
6.630102156237308586e-01
6.625703760387633423e-01
4.100403646033353722e-01
2.137498339749108744e-01
6.793844882603565782e-01
2.856729680615711642e-01
5.026464180573738671e-01
3.885172328437659361e-01
9.120814789096610697e-01
6.309090106028090172e-01
4.948601993918733122e-01
5.274933210272565454e-01
6.268017164101380434e-01
5.096542094841766124e-01
1.036707719943256167e-01
4.779045792173717278e-01
6.045473311224375257e-01
4.869558049913512709e-01
9.861141540580925513e-01
6.371431392516113679e-02
5.959819313273970742e-01
9.984844152663867600e-01
6.924548628345659207e-01
7.374898886498570949e-02
9.547388205754396839e-01
3.946353813078903316e-01
8.686469369911338223e-01
6.724870785885866953e-01
2.585527362601052204e-01
9.616615668895102109e-01
3.733002076677982561e-02
9.981947107971835820e-01
1.322336613081811496e-01
2.585798339510717581e-01
6.907923051516555724e-01
5.604686933312068575e-01
6.191725127167808651e-01
3.747312831306757186e-01
1.804354929786613493e-01
3.048022616568406562e-01
7.847322871658001242e-01
5.801157272110475382e-01
4.229419769402209539e-02
5.962504216419595160e-02
4.099203842246329499e-01
8.107420836327738911e-02
3.858511410337015501e-01
6.174166910864138380e-01
4.865244451415297045e-01
3.303991721981283103e-01
3.679252456473096622e-01
1.390774047104750277e-01
5.676884495707104072e-01
4.325643122834487153e-01
2.934276925790424428e-01
8.547946216218427207e-01
2.563756299549281303e-01
2.645532466682820605e-02
9.324024565426864974e-01
9.879802423713779369e-03
4.959897203115929409e-01
6.822600445934512425e-02
8.393854619194152100e-01
5.788000375464283920e-01
8.790937507582041732e-01
5.377077803864276362e-01
8.487720467122470414e-01
8.767830494637366412e-01
3.270424246746417296e-02
5.394732622074811523e-01
7.108893912284484085e-01
4.172122307192953627e-01
1.617907427675778775e-01
5.461853775004469336e-01
1.780611809736057927e-01
6.797110749248075345e-01
3.773558632047639971e-01
7.260528109478194825e-01
8.334320514248062528e-01
6.342093591969686361e-01
1.226096965072267508e-01
5.647312428269432028e-01
4.181365712969872250e-01
9.540002513480561053e-02
8.350976513569652315e-01
1.722768121846594003e-01
1.765230234330653625e-01
7.354520177618824039e-01
2.720159474002611377e-01
4.373756383451368190e-01
2.748790389596732497e-01
9.081338830761492842e-01
9.800075562585286448e-02
7.210916719811908404e-01
2.858044031814308550e-01
2.250256805781158942e-01
9.974009219493756850e-01
2.363258154740200956e-01
6.426448097333126164e-01
8.169610679645845641e-01
7.234268943467665469e-01
9.684735198186859018e-01
1.512350371202486610e-01
9.785261488843445266e-01
7.952487059992628948e-01
1.553139342182102700e-01
7.579802988307373646e-01
2.215086577871580031e-01
3.763572215513766306e-01
7.164752436148281722e-01
9.189228049292024192e-01
4.860083374809308632e-01
3.297266850868303401e-01
2.019769505616886285e-02
3.084442721774320884e-01
3.954313031535123812e-01
7.837767852052281992e-01
9.399196511114699115e-01
7.988833058336749504e-01
2.560306459077318353e-01
3.299717889190246778e-01
8.268133596830737897e-01
5.568951167724900397e-02
9.947766599661522768e-01
5.528542976471221282e-01
3.090127494282174370e-01
2.691726622214757336e-01
6.131329605267318295e-01
4.766094524830186696e-01
8.974736659313879983e-01
2.395625276111810198e-01
1.461306590417983386e-01
1.903018401336113996e-01
7.657650029910453293e-01
7.840603455205201744e-01
8.123812332164555006e-01
3.643122869787994711e-01
2.222339423058121710e-01
2.238559949603710075e-01
4.673123891581471012e-01
9.491949177135576843e-01
5.545503786499339505e-01
3.100877253297418257e-01
4.767899405692028747e-01
1.433851393826660603e-01
2.886961716516349696e-01
4.044226948308753400e-01
5.653907505797165500e-01
2.302757982127906500e-01
2.612783330155045158e-01
6.998097576488788718e-01
2.222003039846587313e-02
9.193996880982269193e-01
5.393824507073207153e-01
1.253529403326990588e-01
5.420036582269383008e-02
3.785445210662133908e-01
2.147466130093078629e-02
5.277616228367040252e-01
1.633245039775960139e-01
7.729632936588428649e-01
6.684880197431966042e-01
7.621479790792905495e-01
9.960400502907926779e-01
4.201892055103412238e-01
4.129778216388598766e-01
2.217488033857306640e-01
6.636628944534709307e-01
1.164209153199207147e-01
5.196231731447109592e-02
1.049293638305428544e-01
1.891574328936257432e-01
7.159008307296456097e-01
2.738651704627791394e-01
7.518457682108694584e-01
5.328537531358956691e-01
5.041523861469436874e-01
2.962930742306468801e-03
5.675058406832756974e-01
3.831910587172180360e-01
1.561200495975456626e-02
1.876930225212027903e-01
5.890798180125047523e-01
3.202682603142373852e-01
9.011928852368769061e-01
7.590009645132448357e-01
8.301793546375433319e-01
7.219330060607308530e-01
2.881093373502549015e-01
4.563027467158385919e-01
9.400968131341984613e-01
5.238000018272691571e-01
6.095483213050789661e-02
2.799646798471232545e-01
6.816394387772490848e-01
1.366345508326434199e-01
5.065556236612123175e-01
4.077854580732699352e-01
2.570774316486497124e-01
8.404808079706743706e-01
4.921902785677326753e-01
2.209043138458030020e-01
9.513555847319897785e-01
5.344361405059141479e-01
4.052358443566611568e-01
8.433366259350193461e-01
9.726868541620028452e-01
4.579516662090256096e-01
6.787928201788441251e-01
9.634627395446404563e-01
2.143994566860525364e-01
8.434943407686834593e-01
2.196479741507320060e-01
7.914976929977552977e-01
6.713489807068919735e-01
2.673002987262379504e-01
3.015584599037501867e-02
9.160757767501912507e-01
6.197185091563369719e-01
7.612557436882472217e-01
5.948485611281961738e-01
1.145793963971017959e-01
2.559680344210276681e-01
5.440933631208536569e-01
1.039817464326493468e-01
8.863046871154460771e-01
7.629806799826578390e-01
9.714505006915579166e-01
8.604011142872954876e-01
3.369535633759046522e-02
5.968035788148980947e-01
9.531148906132566045e-01
3.618108642694822796e-01
7.942772257996855156e-02
5.441195231428519463e-02
6.004321741757508990e-01
4.404883856132594255e-01
8.889414213998764192e-01
9.253157931493543042e-01
4.483762672857578568e-01
8.835869152108704050e-01
7.370861500405443412e-01
8.980962651236131800e-01
8.887935389436080191e-01
2.489940531707289795e-01
6.700497137378776946e-01
5.517749314414217565e-01
9.484745591650509677e-01
8.735820884765083116e-01
9.379197641632081028e-01
8.861601184083917060e-01
3.164244120897377055e-01
8.124662452665075696e-01
3.704680833508755544e-01
4.148389320688696813e-01
4.203108705203244533e-01
2.936069268186515258e-01
4.058327095499970616e-01
4.859922584737428330e-01
1.046515253898339104e-01
3.577549068266926424e-01
1.385326212515713973e-01
7.351251095389659262e-01
8.711091768307799299e-01
9.552604512337600218e-01
5.341558362199292365e-01
2.002157696141666499e-01
7.136452378384149364e-01
7.575798448381544370e-01
9.817269918912634452e-01
5.044673125823821991e-01
9.984387606937707993e-01
9.584616421888392246e-01
5.960426722951537304e-01
2.825271166683634982e-01
9.030604321330222284e-01
9.284493012449245297e-01
2.107566377175273953e-02
5.268163050056762220e-02
9.840399046898332669e-01
3.845603745504763138e-01
4.018707822046877487e-01
6.874387128554070303e-01
8.582128736139331693e-01
4.886523597678299469e-01
6.947766975024420866e-01
6.019199619814740165e-01
2.494455900216022703e-01
7.377487418917103579e-01
3.562288598889505886e-01
5.889293583237362739e-01
8.663920775707630861e-01
3.189258688738235703e-01
8.257708726925869769e-01
4.813568382006755408e-01
5.555588943661524670e-01
4.217670349044344569e-02
8.542223690908935518e-01
3.786652460001547205e-01
8.711725174397200178e-01
7.854634260707232807e-01
3.708510100226143358e-01
3.736872042865134746e-01
6.589056983599481665e-01
4.204167074567610740e-01
9.922829361083769228e-01
1.972048493692822868e-01
7.102902617428236143e-01
9.859666952988342947e-01
3.379568642180262872e-01
5.491066552011547586e-01
6.477264735938382811e-01
3.787113157877408653e-02
7.513627374078766241e-01
7.300899654192215538e-01
7.578473886232643952e-01
8.280916312776775978e-01
3.263651912864935500e-01
3.626205384051091052e-01
6.308534138966469529e-01
3.482373104071824210e-01
3.218499694034542280e-01
5.311619881795746068e-01
5.330257435124058363e-01
1.219455491780454537e-01
7.167648556492278722e-02
1.163435942774514453e-01
3.170798889331233328e-01
5.489512735964577894e-01
9.054921867700149729e-02
8.689478698570343163e-01
4.187499844073627742e-01
4.272705375655250215e-02
2.595104611099668945e-01
6.617350499358730653e-01
5.902174320084619952e-01
5.723116052884226201e-01
5.636011512519313316e-01
7.041962874815878015e-01
8.148016675340460369e-01
5.394200447522499164e-01
4.061748399819231636e-01
1.752041800642843983e-01
6.305836493422611877e-02
3.576631238729616191e-01
5.634623730695511590e-01
9.991072684246887770e-01
3.914015451339634133e-01
4.424632058884074848e-01
8.936793669319516020e-01
8.168345421091381953e-01
3.542941605062186472e-01
1.610146896989110843e-01
6.394895699891108842e-01
8.056966563835807893e-01
2.513305276308995806e-01
3.186820281859511494e-01
2.160390094960740193e-01
3.479419454197174577e-02
1.615197767417012598e-01
4.954781416126851079e-01
7.669504735744769874e-02
8.626325126295238954e-01
8.094368794106521214e-03
7.764162275550738901e-01
1.688799426248436264e-01
6.367053513671535603e-01
3.341942970389161216e-01
8.665479175784007726e-01
3.858663107570130535e-01
3.548600068500773475e-01
3.727139161650179222e-01
9.454517425834642053e-01
5.399704138872081227e-01
1.798562548424145202e-01
1.218115700688046088e-01
1.720200151594544202e-01
9.203158632231093206e-01
8.818481741195675072e-01
1.414115935175699335e-01
8.733778252205492976e-01
4.143891492144670119e-01
8.469702631036921670e-01
4.102002938674026433e-01
8.178088521576750702e-01
9.710493996431697195e-01
8.550900593966953567e-01
6.085585820456658190e-01
7.705543634176024170e-01
4.963859194127864249e-01
3.792314730478344442e-01
2.514516233408158330e-01
3.193030435648887000e-01
3.034661142010381951e-01
7.680238106385109953e-01
3.681589262013921227e-01
9.158154702438566774e-01
2.058634841743336441e-01
8.749111832618782225e-01
8.541600893438792141e-01
7.773533259901808101e-01
2.672551853479737671e-01
5.330531180327882090e-01
3.222259873736027513e-01
7.849989627612153908e-01
3.666908636938517319e-01
7.315706414589429052e-01
8.038524407211941059e-01
1.611474518702870062e-01
4.846756719185405515e-01
9.408514326562864571e-01
3.712142934340502132e-01
8.607167996353919381e-01
5.302275166630014969e-01
3.918888160197453452e-02
9.860866844190682157e-01
7.541373964786892703e-01
9.950437017959371522e-01
6.643749129015016353e-01
6.506531629098184499e-01
3.410633659593723666e-01
8.500099859135287206e-01
7.790487111276132026e-01
7.952196183507942440e-02
8.731797385769937137e-01
6.989400553499538482e-01
3.003673326382489961e-01
1.300273470923095642e-01
1.337106109259207365e-01
4.715847607052443546e-01
7.422805307824811294e-01
8.848434873140831325e-02
4.211083469305829663e-01
8.364856591620817294e-01
9.590059110287753041e-01
7.546262532552223679e-01
1.790200566418032047e-02
9.755658055139275753e-01
3.608918932715303729e-01
7.187109868556862402e-01
2.225825969320879283e-01
7.109593619541452192e-01
9.987528092246421574e-01
4.410343421343511094e-01
9.185940694676353324e-01
4.894808300619599706e-01
9.496449854743305163e-01
5.595860222054616084e-01
3.769130495669037462e-01
8.119468078102165531e-02
6.460023625226427590e-01
8.795999874580556765e-01
7.673066495976478274e-01
9.091651023743707594e-02
5.071974836850157153e-01
8.893358248498820506e-01
1.763494689930160675e-01
1.071955376031235030e-01
8.261809173234566650e-01
7.333142230192978284e-01
6.329698624091183445e-01
3.729581732723689091e-01
8.460195174514770766e-01
2.152338077469665434e-01
9.971616387487030053e-01
3.983309912190904356e-01
6.263709773803174397e-01
7.495650845140197083e-01
8.989733248222808726e-01
3.074532293765019908e-01
1.269385105195616203e-01
6.689973475340014186e-01
2.246306141197405015e-01
7.181018204936648885e-01
3.033917864734844150e-01
6.784190727343978322e-01
2.626583846494207064e-01
1.253760254017989295e-01
8.180772292485265496e-01
5.308721502756906796e-01
9.235914131980190733e-01
6.202078986621429868e-01
9.972174134312820071e-01
6.372674410425870350e-01
1.180794028701060983e-01
5.947117820319042236e-01
8.244659902157114306e-01
9.988760572746875344e-01
2.200056112017972909e-01
9.087950925517662704e-01
3.005409090121639037e-01
9.859539598226015888e-01
3.877543115903311355e-01
8.280075735203136222e-01
8.047515758160336263e-01
2.165258738819541007e-01
2.975479456987918381e-01
9.581862787883714816e-01
7.416548614892585212e-01
5.052350894410503335e-01
9.503484328625314559e-01
3.610426350010800256e-01
8.139016074827671865e-01
7.141933545364520519e-03
9.931733803964259977e-02
9.465868830967051339e-01
6.672956739835134155e-02
2.188737009150920620e-02
5.969924285036485312e-01
6.607565640759394121e-01
5.751391052980215912e-01
9.780371863955970024e-01
1.891478031077258315e-01
